295729
697935
927564
919934
392893
142591
166492
901452
757430
36827
601040
102062
414577
939892
715275
96639
160251
178469
990624
911036
645098
538279
984249
272403
139689
203356
111003
714900
405587
222752
18492
797948
741678
243607
273811
949508
18311
924322
396901
344736
41084
887124
884260
105535
521109
433216
473998
734862
334429
509869
888775
730493
324696
370155
454302
13042
382523
480116
918040
710979
143466
728181
419896
595026
717271
602773
776761
377238
993787
398641
582521
814588
796159
177144
681786
453751
284840
562019
989415
310968
129736
735472
409306
992463
372398
923645
198206
742927
737031
175718
266686
675952
998054
600778
364069
783681
762960
746616
927298
272581
875028
501229
349713
45501
434760
675460
706945
462691
929903
189829
265525
375790
914682
109175
798364
961395
693879
295409
542788
271689
316306
755030
876906
535286
451753
436090
507568
683062
288337
55416
357482
834140
865502
52993
288311
322878
960962
241845
173727
344266
638758
102008
262969
695418
722073
745226
802691
855376
110307
805606
40392
434150
655524
564592
494683
502489
112971
31811
117913
292123
663559
689291
534391
636554
46697
248038
326011
87140
90482
791502
592032
459630
524802
222787
781575
941243
18781
908743
419465
570285
620067
477677
661660
312993
843931
509142
399706
233318
271169
390615
456678
585663
410508
120822
646188
448191
687249
371113
889812
320775
939949
439006
822728
595559
456961
576781
446616
592310
601660
173859
29461
352762
110077
233902
56304
57893
752945
637170
33777
71920
487431
103395
86579
948305
693653
230617
888042
44168
675651
536929
480324
359334
814962
885986
269646
818257
211516
754772
260635
710339
715710
331786
834002
743632
979821
676120
467214
541337
919781
238889
713572
782827
49064
20741
878411
401248
696185
749170
612864
387921
916365
30204
468562
954065
541027
852921
152229
534223
666013
587313
154607
112001
532160
401355
385199
396434
624050
703199
503510
290111
544743
646201
905269
39220
895215
282524
788954
646897
233891
368130
836004
169592
78108
823774
427333
916098
712421
532760
868424
547661
687940
811810
138645
128252
923860
593366
540875
45180
694926
629769
442818
955345
527963
702780
360682
993200
993842
957888
605084
730025
54899
75516
424490
40466
942344
388467
286371
19165
566882
637380
472039
765902
690827
872330
28450
550659
88869
882228
354823
722009
934669
474973
406574
305162
823245
916020
380702
685594
707130
202204
937251
90804
117661
167831
551859
936764
43327
785480
142776
567981
547501
423146
664836
409648
718775
598549
783385
709663
260466
903450
69949
55458
222287
109428
894939
441625
709986
724001
322732
577211
227080
653498
505235
326767
746012
16410
196494
699842
231007
546038
175622
421286
560411
433508
577497
29788
728507
758583
788804
47848
30160
817659
112187
123987
409542
794496
88181
595607
855589
354229
421131
805877
189153
704207
493166
168618
40994
640361
445282
186451
435741
162322
111201
858992
619315
995606
151741
562140
147924
905749
331329
139901
975276
489028
425202
770546
410202
255082
252014
972306
220773
507209
624922
8031
394355
909765
747012
307759
225145
388837
136382
840444
626385
382620
10897
981872
77463
546912
596365
557679
398625
480277
965111
659153
713139
138462
518312
106263
892912
241390
979622
30721
15874
739253
348976
22261
460916
165117
229634
197471
283925
505680
317425
772441
104209
882688
118592
439911
23039
318031
86884
277746
579235
16455
263820
843116
225267
3238
513952
123267
182305
244108
255761
540105
105277
987209
746354
937415
965342
236849
48599
218533
234145
194934
873993
605610
738335
75330
419507
558724
141832
933695
243762
166504
535231
840205
108272
590066
546586
406444
387161
75603
378333
716345
696517
502500
559969
266508
526629
186747
6706
443374
470319
760801
656001
37223
221965
663775
151063
819953
422876
215454
90631
135491
832486
453776
100321
524983
920403
97056
702562
295025
372360
673353
757245
625944
332585
567057
656776
923178
148797
88192
465494
525372
107264
901255
40303
836204
975041
493458
42160
423879
637185
675787
933510
888098
461084
830380
38204
273699
760257
619703
673227
399874
999274
630322
863343
269742
447389
576159
742061
167490
56163
749983
883960
663366
896285
258883
466381
565316
56803
581219
568833
850569
17550
915425
609116
163807
875019
276133
669637
712121
525672
975113
374017
491864
334091
317962
559669
565377
909247
845140
285338
468866
916323
556037
199616
938780
339194
267094
61318
21439
145674
735632
483899
141619
963501
376909
939041
161376
464870
460329
97185
765390
832866
249051
407853
773823
654044
286297
675521
523807
860787
726989
874279
683379
244034
818665
507343
420533
351228
125226
467394
802889
37717
518465
155309
269298
43435
252375
741067
16070
468220
683252
301272
166944
433467
829380
624553
940549
671124
789999
95228
434678
591017
307505
951399
305606
238326
676070
554797
48668
552036
154839
485198
457762
889181
494545
722509
463421
637561
348071
470679
802228
468964
573396
889602
880153
125502
240710
111645
120656
667658
577582
965201
622167
484021
507365
78361
693864
555925
676378
963980
946006
769457
865084
682070
993151
686377
922672
191281
243573
284010
557304
565046
223187
988042
141363
788391
150823
401513
132927
17148
466477
79490
840636
762971
108967
342240
877932
135302
564097
736101
429354
315547
93677
459202
925120
766154
141786
548970
894795
372920
273687
112300
153254
326661
143228
892483
732970
461833
206739
720623
289183
373005
6195
294051
210947
209838
313716
442679
121398
630958
1591
452766
254854
321720
898757
885989
263452
109215
122532
230881
971879
599596
107194
177217
513852
925464
291262
148042
111725
210441
620017
67511
342107
869025
507985
773506
797170
946552
569164
526803
337787
831965
211088
72575
906655
159053
344286
253645
5523
113139
631684
124618
9907
793676
468603
672870
139822
286160
193808
122246
434537
473044
917183
197617
49290
42981
52516
983869
359735
440952
88814
266366
468779
423279
758321
696942
576458
421643
41133
319956
537328
549134
496292
293998
201877
57187
56614
745327
404433
137020
337606
366829
160193
85872
537175
914236
17288
994145
331832
327415
529100
933236
470831
477012
152593
413665
168261
397657
429599
761373
578426
335833
105738
663710
226534
227771
926590
269395
813643
393545
899235
976073
372787
797284
675832
924228
9223
880614
926848
721578
866237
511661
72006
648918
1568
607349
328665
303464
901394
586678
163191
829494
580885
158571
405903
707389
378333
219601
471384
101639
595325
164826
32660
573210
474883
890279
344243
333940
760391
484150
877654
635386
336587
107365
885080
900060
96759
494577
993125
282143
157777
450657
922449
26079
272197
976802
581509
367746
979001
347198
752099
759937
711301
259056
897627
545248
237655
991782
715667
208524
901211
352429
557956
269826
754858
419416
122486
31796
196466
403046
599643
942772
124793
348114
944359
210934
715078
766629
717755
323826
705118
112224
844613
258344
563720
463050
402006
999825
553264
117517
374348
270963
540390
200819
441842
518752
733305
611976
288712
393778
715527
760405
471393
503036
770670
691442
598658
663831
859186
509331
94459
228191
40736
627375
2337
960082
283723
180199
206593
211719
866762
740004
575290
107451
704209
100288
693824
879009
167230
829954
230184
77960
922626
558628
20192
117844
647188
172073
718624
846049
312516
860039
615855
875478
212573
672513
853698
455691
621144
978376
576734
681427
528989
994154
110015
416925
762132
750440
800368
726503
529750
406090
821430
221134
611888
831241
344444
20854
8318
741985
766859
124571
571092
519844
396984
44467
631853
643315
182210
785059
508412
583195
275737
723328
415519
381891
475372
132361
653313
426453
824641
502212
170784
170060
494990
349025
163356
3428
524485
730682
735609
466111
505893
369415
442531
553224
308906
710768
643388
81085
886039
154749
378372
180717
902635
576181
354161
589734
640959
312240
316152
328023
987500
443648
520894
553127
944273
442689
259836
542964
325326
701778
905101
844581
101146
281995
882201
44675
968804
394946
325696
609639
963850
742175
554858
949655
105239
988713
949531
21848
425934
798544
887790
226268
734030
208308
81394
753839
320465
5313
437913
875853
494580
365867
118280
736522
998867
317294
458787
914197
973129
224488
380168
29401
475222
847377
441679
64850
579487
207464
428998
37580
102692
488972
785536
704032
203926
968154
361211
131727
666614
179281
641698
508283
887215
804384
761733
13337
405036
127495
976096
185734
138572
771946
65503
576599
50861
485095
179251
746236
146702
258685
282969
183963
151750
916049
224490
189837
673896
868623
656605
304094
483841
571578
205695
41368
134366
436349
358813
74022
206879
274262
849242
28057
99647
16601
194152
728685
286918
389193
543767
105332
614676
642179
258104
465676
631542
597270
456426
48075
65586
123412
402397
708188
823046
878568
779919
74492
982609
415631
336678
596982
225499
285231
198962
537739
376348
626701
905909
251985
23076
409082
103649
888856
693515
10407
174514
578295
219870
945149
752082
667075
5028
150242
13151
742969
475112
323672
26639
509184
107563
831606
188610
790559
653823
68186
514
788406
533873
360391
367424
484117
778982
174647
396607
688005
436958
213687
297885
809933
504648
823304
658474
812545
634566
868092
763758
303484
500556
823155
63887
460253
545346
825358
283441
176377
89668
937648
337835
165736
520371
502477
373892
459169
179552
747719
534924
390736
142330
105881
592876
682738
636161
193835
148893
683534
186516
59599
964628
278363
301432
733708
859067
498659
491724
51666
913474
276710
824723
648202
566855
720429
361199
789175
74171
463448
201258
181477
961155
188008
66440
973976
674468
901335
352868
430194
586516
370961
552917
305510
2194
814476
570423
413080
243281
698778
981097
931981
608020
50650
398751
453493
340629
142104
319985
945279
720235
718617
198470
227215
982622
120982
785402
35106
676364
197397
822259
516732
51849
29434
985944
888463
816956
722605
683579
440633
537914
385028
125169
195234
960971
119304
278901
842904
837880
152375
916249
113152
554936
614379
165098
46283
683697
895975
262591
148277
400618
905928
458453
658304
54374
480122
54860
332963
992271
842711
470532
214266
883157
993310
992164
451670
628382
190336
544959
554580
119395
591169
203481
958839
396768
494413
827213
52795
642174
430239
415444
744264
146426
79542
295756
240073
552814
743453
961079
252948
136160
321405
513732
702016
960641
884322
210640
857472
37896
451774
648129
893198
289689
26472
234155
883307
432982
293907
669961
411629
786875
249006
891866
604496
373392
58877
830824
431626
911005
120243
904025
516969
991284
673427
48325
711548
991786
193367
376924
512218
441510
878239
823435
335510
699428
493654
938554
232590
769414
732404
117609
952743
803239
938570
816478
954751
820479
616860
774203
54718
281217
18468
710981
995273
194179
745798
624129
755562
552564
832721
612039
762624
691417
546738
533735
133529
587755
420900
956865
239103
658433
234792
907170
866976
676704
371097
469152
528016
640996
173095
343529
736799
653573
146604
339529
899887
300748
65367
427414
759698
539498
608980
927121
658824
345941
730814
402504
261875
869202
772231
523075
70224
708827
445014
583399
563340
655210
24822
952177
97996
853754
275179
993220
792725
349948
956954
227264
176086
823921
53133
239356
202697
696312
400682
342327
918112
456307
99133
706841
272677
52747
86763
991162
402528
609619
1549
616091
102201
477720
81828
404664
656433
631885
399817
785850
421420
550196
736644
909350
316816
956576
837079
459113
133196
18765
515330
881539
804618
963959
904774
133835
124865
826160
376182
802148
502546
99066
992570
341373
397673
407750
123641
582362
367086
276054
192028
442839
388119
409481
399489
591469
707043
340797
717404
421560
349206
92378
107021
696912
194993
388065
366044
746459
900833
73003
397896
764079
691726
520311
728827
933816
18635
754609
135000
439671
154669
15983
892353
32399
135883
743790
225261
602146
913941
66139
942601
747704
898822
734816
801687
715540
464171
772324
318267
991356
276403
580399
946669
961668
754793
181530
848099
701642
901085
768104
293473
704300
323222
961625
476164
533575
383890
489527
374228
952068
485716
407807
867165
614693
362023
964587
520457
937984
428945
926214
824087
844605
523150
914991
240332
94377
186420
576072
378736
709636
719380
206461
251566
487306
699089
749827
146695
392673
486074
874280
639019
669820
21593
127990
683481
952697
644340
377685
408081
888531
544661
116311
932605
991801
617957
474621
742533
768358
305239
421680
847761
20201
299303
471764
31251
301150
448074
543001
822859
855703
947595
686665
89736
642525
288285
822082
817743
734382
467266
241375
275613
319727
677357
872673
467903
741268
89310
616198
203591
5322
937962
16316
559995
469582
565886
574878
324191
126723
497942
986732
383084
385588
664857
463788
747156
401069
234357
748403
565155
672711
809579
135504
481622
67077
747164
127476
931317
677276
424507
757722
558516
120697
356106
938395
270620
711581
219219
286189
821639
692313
750189
226591
374865
938138
664547
218822
42611
862420
237845
28815
440833
161748
469900
800595
983653
295843
159213
514836
854084
944108
333417
205618
173432
233398
268821
140560
156125
76298
133045
420910
902328
210872
66343
230189
648935
907376
318396
663757
381732
439560
639207
503529
135993
309746
70259
273849
252295
349069
301362
364300
785312
510755
5325
916393
480974
418423
665049
28851
918072
401717
21817
570566
475846
431517
244686
557897
429050
954032
825883
241744
398473
211893
233475
679282
955016
646049
590678
667013
231291
809623
698366
478461
259030
952659
979638
749731
244497
388642
15387
627933
42605
83743
399447
19984
950195
182243
910274
157062
111232
339944
916840
544581
484186
94647
417313
238704
968560
791313
826078
400844
777120
774092
609328
401520
957037
7429
497104
787457
45700
962988
874577
692760
243193
448622
407330
677830
353615
991872
894707
597018
218215
872145
859414
730550
286723
75448
164858
781539
680589
617568
349280
691907
853226
11916
999254
121620
851492
766230
518898
156148
99787
609327
421132
809318
330680
566870
378934
43059
962160
615013
946427
789410
72120
561092
334833
18777
953137
288573
794179
539370
309262
282535
357068
524682
786300
942305
468052
143921
122051
352070
737648
966883
857785
240090
862316
612163
786678
337794
310000
516846
36331
281042
635715
852448
554558
640531
306224
131594
570297
690438
126177
363007
920043
233199
614458
200821
640851
962389
178621
447127
94524
731647
664201
786197
33396
948256
632705
889960
668840
410123
559372
738296
833587
955428
616513
837688
974302
638461
19663
498699
534216
304764
844567
562185
284728
161024
236922
633187
547299
305094
224946
780801
16120
901399
534315
90736
710192
580458
519189
934830
912349
167087
477407
171936
255753
217633
921804
356668
227978
773984
504458
492639
398334
317079
76334
461047
705849
253644
112181
237121
273496
128056
573631
326127
530672
257105
350431
917015
805284
336156
449537
69600
394567
690302
512316
414918
453021
261216
541727
492629
268561
301412
697688
377826
786301
188460
552658
320603
612291
945278
212154
264792
347631
272157
999609
884350
471485
602595
510603
699835
924796
137014
31198
939307
142666
588981
795769
815797
765870
579853
27067
281566
232135
535564
153586
406377
755667
843833
923685
950502
391119
102395
940676
190128
708755
573202
907364
879566
782070
414851
828894
294085
784495
721569
493643
958054
215233
612255
288829
699328
737966
680408
98791
757369
586743
933036
149147
137313
469265
482564
44096
114448
144420
852345
13571
18339
512680
157343
619919
747535
370321
492667
884587
679676
353662
987424
179270
877412
164604
1339
340765
397508
764337
686552
25653
260351
284388
62767
907803
339201
73720
397864
201675
438000
339516
364298
114764
456940
493098
5759
229844
115468
734927
709262
90414
87823
749530
448191
192435
525273
818907
134882
149854
835285
603709
523195
511338
953570
690001
806366
769864
786993
527575
607725
436978
766215
249335
555225
437938
861168
115442
405116
801845
389467
442432
889732
864203
633583
174284
763747
897145
199668
499775
831087
763593
800441
668237
103757
528533
967924
357288
573635
977729
445324
238071
679312
530310
460542
556798
576499
491394
29321
609970
298946
205395
13958
738076
28759
182577
414974
887489
337391
655021
590377
522779
726759
809131
497052
288272
731344
413006
113946
514942
354548
72312
955551
657259
784788
981884
728333
977342
662919
471477
642159
512966
735451
359146
499555
321490
779356
431079
114000
764942
589543
278347
288812
775035
302448
937500
570374
927074
269488
128938
471048
575553
785621
899508
633416
267170
846744
854949
44584
598211
571278
931203
369705
695641
359052
582665
851479
735996
949056
456682
395827
864328
656639
72249
211872
316623
155668
473875
823835
984300
752762
717760
217731
743289
231961
382319
371014
279504
146852
687686
820907
847675
128996
929893
525685
516725
589543
500345
342206
402049
779080
590748
164563
717627
824728
983257
314461
76848
93583
224201
477635
965901
835111
17608
133322
723474
335236
243631
84184
873615
923981
979177
391296
253400
475950
287214
624142
388533
700501
103199
426308
723650
177271
14110
596642
656577
870284
281886
892410
235548
923623
765369
294918
602744
196774
435315
187132
512961
355462
332163
134189
65722
264086
193458
62921
45711
886366
620759
462784
457096
86077
550235
901074
988720
51759
108824
409585
605872
488976
550182
729203
985891
353149
610350
593709
813482
819416
283798
839712
280226
461713
886217
366694
646948
719287
461650
818816
700767
440865
904828
730511
508056
733352
156816
362741
272686
496030
673052
277158
264253
57211
905288
663345
745459
935210
125126
819999
546144
356443
702672
637423
233946
294786
904581
336493
577335
554729
151855
959286
971021
698883
553138
500094
534927
210063
130721
266127
670589
268766
990995
846738
65346
876650
921298
478043
775163
967438
385153
394384
833472
457585
476358
684514
340714
41859
324419
34957
184672
77731
445330
175667
188806
400106
678488
258152
825508
299510
438377
830656
61657
880222
409724
643754
147088
137582
206275
632905
772313
775272
203771
772149
941344
83475
131684
721377
939934
279200
454190
435358
32229
834827
227774
517757
149859
427935
943558
243901
557630
968181
487915
915047
729268
250537
477173
137652
766987
64621
275755
808219
873500
411147
911916
491134
71711
386552
233178
54018
619336
825331
843547
576224
85424
55630
252089
560679
312612
134920
287251
890367
146228
919197
845554
234156
922989
748260
90913
971935
774805
305846
311736
935293
71743
220207
975342
85123
990121
85564
83971
136650
414437
723752
409037
730307
276251
637394
18173
155264
514694
437278
46398
305366
452508
458528
369271
849656
56109
293122
743171
929580
259003
928921
572866
122010
917564
141366
25969
177841
371475
221242
714159
491594
900947
331592
497489
141567
494422
211095
762939
237059
556033
538851
31780
256597
890607
203803
894167
819156
11560
847171
395033
193669
501511
330936
903013
543049
371788
20933
872776
720484
268816
262570
919188
591550
578007
758926
539136
478311
543104
468957
729823
744339
808631
423410
479457
595014
830079
448343
21368
654378
119401
386483
840148
90805
912342
206269
568297
29337
758291
178421
180678
218216
370391
595691
435450
4736
555552
186496
208826
198567
311916
886121
870239
138297
759169
285400
70111
696640
392608
531119
454046
182826
102051
782043
270578
1503
662335
8141
591978
315519
160638
185306
819569
402682
669807
539755
550828
383330
397453
959731
701015
613539
154673
160927
118910
537948
392611
978132
852257
499292
527298
366893
6654
770089
393107
343681
248952
95296
627758
790658
830976
130660
916386
914256
930880
684983
435645
814057
546955
834156
725095
93946
610053
807151
529510
558585
852612
251941
541055
523038
891000
933259
527648
531490
673431
714186
314306
413818
538612
974782
835542
170704
326744
198855
24947
353605
178768
114324
834654
213220
413261
565295
124534
537200
66584
232099
265302
767237
668624
91109
879678
347585
930221
459815
914450
196360
892190
40908
251701
358855
816633
677309
817762
297289
369677
606496
352274
304016
635585
127551
696528
40058
557185
273904
145219
798941
817293
360038
615568
596625
500500
439388
914339
113120
758966
227913
570187
290754
996558
245647
765588
687385
836045
276377
15194
888686
42650
323429
605018
722265
808675
413612
473338
668123
223449
462611
956658
837983
919748
14424
984055
933402
686942
344772
153510
951616
410382
599127
782287
139474
730875
944455
914794
20192
190858
675126
821304
937520
798523
513801
986344
691730
758271
782503
670966
201937
455588
81806
548650
250045
822290
406690
372720
549109
571207
490754
540568
452118
309261
854712
398979
314915
296111
974964
916454
675554
583311
250787
701289
659887
683508
140753
77020
152649
772712
978656
372741
55807
53465
470020
378980
228565
276150
636967
804637
880938
931054
246818
196684
893639
985231
891180
457482
156865
769185
967086
271567
538703
922829
51233
171091
901260
839643
448665
616584
878384
352443
182020
285006
395528
36260
924976
901911
412471
660217
817597
756409
249318
762588
155537
206708
955729
520876
144525
85658
734044
672275
446927
257116
81614
310496
368426
543779
158090
776740
784621
464076
38092
658203
602825
593085
342297
592925
387745
89245
484174
692862
288783
234512
673448
973941
200967
186056
833354
128930
450246
415305
736230
121279
650316
765799
917630
869513
905281
367507
177110
947085
374155
945
559448
711480
816797
343538
226637
597766
236138
878638
964085
987599
491439
407869
532825
899120
742528
299347
886709
605285
31643
57880
519693
428290
753813
711609
448248
900430
82483
716505
223730
274128
235665
513655
733725
535619
512144
304453
913392
817942
125102
11526
879532
135215
190286
695090
50251
366790
681974
501488
954148
530002
159983
236581
423945
12630
830473
389375
910042
476890
61288
604467
323940
210897
842449
782532
537280
739981
528644
826984
89617
996190
532391
143020
295185
239923
177992
654654
358653
947994
594085
435425
602328
663810
910493
886242
234038
684501
165609
597608
683859
550690
189971
941737
418562
460362
144968
404958
651313
833132
795646
240481
539657
235452
285174
21181
895935
686213
530487
398981
110204
665578
21202
978114
177544
400942
31337
48379
885933
945442
36264
133176
235441
640242
578530
227805
604125
319250
546229
537199
50684
672757
527753
32675
533659
536304
845963
943549
368775
757577
155892
911724
352206
772673
822878
626006
555930
297882
167905
248298
134031
554159
459764
836342
441767
544080
483930
856541
599226
691009
457517
51270
8452
182002
994904
145139
394099
428229
953778
24695
396928
972037
425182
265587
317435
634305
124760
662069
117028
218929
225928
308070
552142
301613
74092
911703
515314
26127
528988
784833
57617
684765
145572
624196
888027
437466
395186
133191
6679
624746
169031
2420
347932
934989
529965
192475
500047
287996
316883
367993
241123
635787
45959
670680
558822
942174
843511
800993
102794
346260
688809
173788
767516
924312
275552
555541
743408
810084
635439
286215
180787
773736
658733
120475
795123
139912
595243
382135
293927
834784
204307
669938
416404
381134
719825
733806
565466
824443
769254
519434
707733
726210
982409
981693
974504
777189
825852
726410
96010
772505
137473
71573
277421
738708
26067
26724
337018
195988
225991
987821
774860
893423
189060
935613
807960
342068
576596
276482
331994
675832
449715
316706
931647
641042
435608
914109
914975
592178
688479
313014
167421
781199
750845
606156
900652
201392
537026
533346
68653
52086
214034
543873
198225
599344
355467
691932
674609
988794
894328
378092
502752
434911
37185
279699
929383
262339
790764
728369
930831
67662
145307
356057
497532
152541
834944
556014
5242
538651
635562
674955
659930
81383
807357
683981
143404
27165
360918
43029
691836
410352
542805
711235
331439
193035
275836
737561
809474
526095
473847
799039
81486
457877
815188
967924
497927
311514
50837
118289
296474
364323
358733
918158
297857
658705
114739
369402
742230
545729
797591
965658
951921
611220
145717
337154
693972
823470
871991
926065
152216
238593
547411
659182
442726
768455
826900
35806
942443
921632
396442
585411
751710
892851
685869
876067
293767
705784
923441
407109
592122
370405
307304
857746
300304
434461
395126
601598
881733
827193
412155
528363
566820
952498
289509
268424
490931
276092
299296
304316
744211
854718
54001
295728
347442
832173
278491
364016
836463
576926
690667
692669
635625
240749
368665
252813
93901
92230
635977
233495
589517
313076
109823
756820
76706
441155
87488
570983
463017
987547
779572
891371
632308
275639
138797
792863
368965
213351
956967
843303
156174
609205
405348
333033
176841
952780
809505
210018
683230
264132
188957
100812
589828
980872
962427
916292
816842
92734
476720
627879
477210
463537
198490
28663
508079
29511
693465
213586
841769
669793
852047
430916
1676
723996
805436
863763
679109
432308
323262
555763
913752
935817
840555
264960
217888
284783
688467
482059
56314
227608
760687
121134
432849
887915
491539
666508
25777
900772
971467
16863
195430
511907
578670
423473
809559
793159
793070
987836
2947
815817
321131
514280
339748
519823
73913
370041
954958
67392
434631
815491
904850
414465
426402
269755
461628
183102
897336
839103
391015
501247
727551
694795
47932
627633
918763
757119
655979
314723
136994
243187
975577
566998
108152
732172
188695
45241
295450
902192
129385
441486
838648
34697
146911
187884
181712
576323
507755
148643
694384
881283
423072
240620
345877
685190
119687
929607
534264
635873
708664
153534
938411
646609
202589
48048
795200
178949
835289
894477
913232
788686
364359
703745
808863
442507
470332
78257
291265
430854
200739
652228
634743
375179
738763
557460
981738
276491
762734
979520
86582
394129
600183
125054
540149
838580
214422
26986
954835
880467
917788
353306
531576
197853
611547
204939
870307
116917
703864
332821
705584
466385
616452
722856
900506
952430
14265
121816
976133
364106
759074
925485
253411
656136
158705
579585
690302
91786
695558
123666
61409
918864
178435
457324
934683
55534
12119
479241
632363
195097
376238
154734
198726
900490
352026
111546
713217
676989
540382
785967
893017
54796
435609
923517
509071
346635
299043
183346
664321
858392
41655
735726
598819
865615
503303
572241
934870
287245
131810
889206
753120
294940
581723
563667
385555
854824
354245
929959
892356
330991
396620
113655
107119
671131
487904
139486
824267
984224
981635
675662
791900
23046
342765
572646
2766
555163
699253
507255
726236
593077
701752
376021
721992
495331
797575
22295
423142
398412
385187
783727
944799
254987
543786
772245
798636
189440
693725
509292
273632
755594
24924
673697
34722
180210
225539
309469
726401
537586
260064
613578
121580
373902
529380
203840
324706
750168
373880
310357
396034
309421
108058
631848
100707
673167
523920
545250
398187
215660
947158
394194
159953
575824
338966
10243
595334
616540
612737
805480
681844
190451
851982
910125
536490
606054
117759
190040
685793
45006
549077
348331
540381
846509
231118
699725
667470
923554
439353
583927
166685
749666
230183
759985
459594
994625
115662
404696
208565
781937
655684
691749
620992
748076
130920
362793
361121
378418
924181
195328
282790
799175
15029
727042
927795
126692
521868
292414
796454
656558
614237
461344
152490
110057
851647
166337
696066
957653
927432
836025
737632
564428
454849
583198
331000
13382
42247
544554
468518
677525
840434
160525
46557
462512
890062
347775
837194
489803
897981
890222
158560
937721
903500
766846
590481
733344
883514
988868
9656
77903
136763
21155
111577
802368
521940
387103
60077
290134
777552
846942
324719
216517
867216
494115
561864
337363
318603
588268
242418
149493
702343
213923
361870
557426
822284
365480
194472
665298
971374
111854
645013
639835
298985
198270
996113
791893
583472
168553
381350
285167
931265
599734
384696
82595
5063
626957
134759
945129
988512
838695
881001
649441
173572
512460
338522
356447
256009
185302
419739
163859
284254
364046
932143
501752
854543
97222
498690
988746
167282
235144
36072
384437
837700
581154
55826
992704
964138
46577
15854
873211
142996
95735
785384
392085
336706
300269
910321
165771
992758
78657
514303
919504
133734
165075
501711
85626
454002
916206
452030
679795
425804
317239
250452
245663
272405
20190
819634
993860
440994
849201
959327
155972
762373
975373
491617
574203
115757
156294
511087
624479
74051
187605
50985
83324
695224
96861
93947
307155
365881
821261
196681
302892
690935
550794
973485
656330
5335
232848
837014
372487
257723
678856
120729
694090
25254
855264
541933
132895
947592
191213
710254
904150
667622
699206
704966
814035
754359
215600
163561
30876
578917
237438
654372
391639
44854
443135
143501
867053
88416
945846
347525
860811
366123
351428
905486
768471
224940
323469
459132
694724
965350
198877
824215
378999
44617
706902
905166
77948
506691
606810
982809
198538
687351
227850
776657
313670
769329
414526
954148
510839
24907
505954
712272
773233
608526
179951
930607
575492
406584
52588
216415
461845
5300
933394
531406
727797
621382
348224
782621
869133
948574
837549
77126
740025
890966
531576
354528
231528
661644
469470
351088
597784
467498
607879
220578
272463
157464
720818
728971
634174
720618
955791
132090
892343
937950
797834
566764
547604
195409
535728
641821
185844
360751
740701
4401
8099
743407
266249
113470
810392
893015
146231
923439
260937
793716
191970
304089
709736
842089
334291
381167
894020
43640
361443
174479
657024
475008
821423
977638
262194
80862
394095
329887
933494
891703
749349
608286
377039
595614
78660
266595
568154
54724
139930
940630
264537
264585
433324
502647
469649
27817
742061
295462
756099
662159
798581
4416
402219
897326
288368
77980
884632
213438
117141
3619
851822
735285
628907
409818
987854
227300
61600
938915
290483
989467
104346
588728
337659
13518
582612
149393
7847
969072
172097
456745
414200
462618
571331
250077
811672
123175
48447
312653
695879
449986
297808
100534
608366
385358
474748
337066
774979
123927
71731
377114
896646
160735
565147
623677
280942
247734
793393
59378
320377
35059
821739
633479
489696
422186
804477
148498
216380
657882
976208
503336
30109
195516
191622
432919
696073
869405
161289
639557
307797
273687
270114
20284
118888
494768
966774
172847
492527
445852
746140
191706
90817
747382
992320
936110
750805
197782
527989
919520
749227
947237
768895
468561
591186
286094
605288
253262
547948
379126
754122
262324
482772
495412
55403
144416
987780
928194
952750
99436
183332
841116
58221
27536
168608
496866
181090
416317
457001
764987
505084
48035
299028
563832
534202
979
822894
833034
867890
802727
775055
401738
592324
449481
945537
554878
395953
443613
46491
235718
136203
858228
635795
449867
567108
954702
681356
334262
713096
829689
68438
705959
272812
690874
780678
567689
140063
680002
756408
723643
867810
941347
73026
332196
398448
516267
685571
993164
996076
544000
975163
276386
690532
649181
517135
932494
651897
828371
569477
341471
791569
695174
324391
191923
446461
509015
960484
97298
46857
162924
79669
154505
676735
495113
945343
297984
5923
582022
639258
23930
856758
471675
942858
994139
923394
153076
771784
566656
307511
177791
890245
276416
706306
467326
767346
478641
246978
564589
903074
600982
892068
528015
172119
376825
402615
312545
853380
33509
533441
844486
166814
829279
232954
260216
743751
674588
203002
143831
686974
239495
310389
767516
188219
956281
279199
775446
399707
146341
68115
326554
961682
401314
980991
897887
768271
664576
634429
752223
170649
912823
108794
445036
179369
486655
562979
242892
113190
519816
811954
445693
280592
300909
921639
622166
545223
880531
927438
412413
27753
748409
530170
234336
256544
307794
369215
981521
699359
786672
911320
689617
152066
358400
756165
214222
513795
566227
909920
618215
310480
800126
427961
289075
85906
309954
144184
782457
888660
566094
136284
366560
93243
986596
299010
394181
557099
807824
455149
212279
332748
200061
191263
172115
920349
75888
550278
805424
654772
251979
791304
283353
737787
738853
975381
993701
118921
296606
168692
853379
174117
685188
453447
991079
269131
605444
965871
534249
218834
787563
430318
327174
99627
912971
466803
266025
125278
945021
136360
83171
740699
382119
452364
588707
851486
251192
960729
848755
602659
193406
411810
562604
72401
183769
305565
659753
851361
727069
299580
142837
191935
845921
154967
128807
580999
736105
200377
67424
263913
441817
140868
630037
333644
527188
425556
56584
596453
22456
494902
773288
601563
888
66007
82321
816924
231596
649954
801190
724865
927202
158954
814479
139895
719552
499358
707547
653625
332230
34587
3749
977936
776128
280658
619960
945014
154473
191660
297862
944393
990926
46610
401099
368182
958580
401084
477865
949652
656121
778741
436351
550452
303523
116689
336126
831733
763605
85694
336049
474380
243778
46703
117421
602416
368387
981703
236843
343280
657950
742818
118912
830029
166346
606944
197570
396257
709549
970398
906419
882746
619745
61242
798764
914755
637016
315087
728593
606295
801376
532634
718941
59390
729181
278161
132987
243940
532749
85737
899008
106838
661745
142016
597989
176271
862160
612934
547222
495481
364384
322652
479987
591161
506354
667716
649569
293624
587058
961166
225878
456469
632436
894431
526496
623442
196848
739733
649802
407211
696680
785587
833069
126501
694246
342517
571215
637411
896367
587722
667550
738375
899482
184147
57063
656579
26232
44637
926689
144688
549468
951920
128120
94529
920651
566727
235201
272682
492364
18550
975917
115863
694466
580720
940055
724509
916780
870802
512490
573842
67444
448933
23787
217635
987099
986916
885035
63327
18200
773315
707034
720626
494222
273607
884332
756481
415444
333777
365017
133602
169284
900834
281031
98036
388514
422029
758415
341668
444669
612858
278742
873719
899518
173615
542821
675351
723372
427560
746958
434100
342204
51188
732115
731184
650278
685124
87550
784973
398670
515315
282818
66479
794877
369352
671712
782284
713898
668201
304842
920609
824041
478497
346763
341447
53176
703160
76338
39340
579564
253655
923952
369507
49846
660142
246335
295544
272678
117657
554247
448468
546421
821408
190980
925028
202861
535741
877038
586786
930068
149633
53400
769025
185966
176877
500519
779023
474142
917296
964005
427727
581472
983321
317863
662938
551779
39909
590274
74611
536547
518860
998018
157006
512716
536370
901265
576034
274182
392822
742058
422040
731811
40434
412471
560568
576793
915978
309844
763952
518646
905419
990033
808244
12811
636145
571457
26758
667184
953881
601484
452868
616069
712373
824846
363699
538779
132210
276708
712391
291025
857291
592415
492601
376246
704108
555060
734533
735242
644528
193489
123962
754253
603449
534153
531510
192385
412148
640112
409150
393381
544776
83645
777785
562357
261945
614596
142146
418795
429993
191088
401940
450951
891182
704670
64414
859063
4305
634151
454250
226934
20776
999807
716774
802415
709324
809052
236248
403821
141774
714742
904192
978494
286813
397229
212340
13335
855447
224770
807689
363032
788368
595207
100985
135416
508519
543268
557046
508347
967531
359850
405076
272152
419147
74859
38118
351901
98096
280595
591022
505979
614560
183411
814778
289015
781038
118212
834789
886413
424492
214196
298415
198033
53282
803598
693357
221543
93060
766376
65786
56055
243292
666387
155265
874561
260450
921398
715931
744427
389147
394318
929851
974663
394898
26967
924541
447195
14813
64474
894229
142541
898601
267684
574755
792863
918731
165384
571149
5472
624319
244847
579108
663157
812027
330809
654018
172175
561070
284021
382891
545783
367925
17345
418900
985604
734341
558148
725859
201739
334054
827596
880569
26826
96899
166248
120368
231822
614150
965188
639159
340794
399674
180668
371108
851156
471067
814125
491058
179419
177746
903611
965647
803515
45036
405382
204909
305315
8695
190914
320321
544338
111346
634504
199687
381234
28505
653196
811226
857663
76680
996175
961641
997867
479233
317695
291756
741033
975461
844785
357547
256715
578080
253146
794225
328630
552584
912219
915559
30952
541330
662266
441234
2730
711376
297854
287878
561516
530462
70321
265936
626676
919374
965170
261890
26936
441631
712835
375805
331335
453864
292890
825104
606974
972446
127391
439594
497659
852126
267122
657163
914154
801920
663234
818493
111210
742989
702759
469458
362643
515421
418850
828206
271805
272784
735595
313620
113903
342867
236644
102418
858561
700731
512862
692454
885288
348384
21067
58629
906998
292712
924778
273510
940045
28757
982546
53569
963410
444584
899018
485603
741564
931274
246563
196728
573569
623510
841419
384489
611701
641492
985384
504081
711353
877010
384473
523084
578324
693390
918625
28364
630527
867381
317147
32217
739021
81855
292178
885138
849252
418364
319181
650983
235854
815393
573562
395530
242000
879331
855226
185067
652394
739613
797184
651923
4438
285394
524317
802134
56334
131071
460525
681856
818394
828642
618572
242358
82983
914022
622625
725138
849121
89820
587722
587810
118439
81553
332361
844590
958940
728376
802554
775142
646843
241127
786709
690087
738320
58388
600615
426811
688397
644017
889422
799243
451362
888852
559303
628216
937601
492941
312514
193206
660561
635702
961304
228610
528803
124480
228566
997973
933994
697022
705670
522311
178567
423846
210300
589776
197302
883077
841837
200933
339189
786599
268215
586249
618902
482354
935758
464675
526314
206924
457784
672373
618693
770307
608799
302750
272093
919557
17720
701489
440176
277439
723123
944289
466237
384884
543604
929928
989800
714429
740044
313705
396803
591445
890234
866829
290637
996465
457267
256934
556386
359530
747270
46983
690067
9930
761733
845066
246042
118520
845304
674127
726227
984953
439794
750062
783438
135838
154003
612977
474066
207741
329887
880867
671344
580486
197733
257059
855910
627718
767884
837797
449011
250675
676978
279513
763446
157556
451280
852280
606296
934917
415826
782068
103165
17742
799155
449616
927295
174351
141825
28833
896620
22713
907700
878210
388602
63340
431318
470220
220046
879994
38243
947414
399235
178584
61808
135828
906125
527283
170640
572161
26842
105674
493049
915742
590024
801073
44970
511345
853170
977548
238488
601807
586048
301707
22513
337883
183674
514059
336007
668811
122382
118376
598015
978076
310215
903069
415066
637033
862578
512119
684346
164459
578093
225599
691940
357283
182504
831504
800537
146162
651734
186342
319994
943202
597237
804902
287697
596800
880569
669651
109916
770742
383837
750587
214854
301817
125722
763407
442221
164208
221871
80146
635661
591726
197469
26597
712545
126157
243758
874661
430916
513392
167072
176776
322143
144460
657301
585508
298368
336757
586138
298586
699467
416821
770934
992645
666716
250817
959524
437080
961068
287664
608397
465842
428590
793048
5691
861435
766917
886302
655858
538606
364354
861429
729277
467715
773702
371526
369090
657756
506115
695815
15168
426516
206811
109306
274213
366226
334451
400945
989803
148557
944015
316537
185412
843043
560225
404254
925548
524671
346168
981248
936302
491840
498602
373219
568168
66967
668651
504035
843963
497896
273890
404555
302828
434765
67641
485461
199464
587854
508331
613486
570244
941247
248606
480191
150256
446122
54474
182356
124238
622460
58385
75285
712861
65574
628957
479421
66302
204831
785167
588044
487948
917561
542316
858308
388678
619652
257590
787330
561584
475847
176049
471529
610852
985424
919558
667480
814859
272230
789574
300671
793522
278314
429454
848586
527754
278678
28094
32379
653590
210291
547775
108434
531964
727457
885162
70306
269441
289785
522259
852836
361514
146331
536672
339824
503412
911703
936718
660361
18199
537591
524176
909333
23394
476519
213525
436494
91529
909439
993977
607969
218644
790464
407763
75809
979268
612371
50027
1244
661051
368124
107825
177521
593575
613015
329540
701163
869811
547803
999525
276137
122656
416504
626416
121880
663782
477373
758356
960761
344269
12894
564985
675702
647345
340700
980914
82447
609269
752301
563705
674593
294427
812465
558977
134551
653939
187213
572592
880953
101868
164527
563243
248522
171188
1545
600269
445504
238485
862832
241534
919762
688694
41545
316276
684791
771769
905432
921282
366084
519681
727005
622128
10179
154022
416836
456454
54568
875990
271330
922435
498320
900775
975988
628709
815301
783354
75374
126536
248176
258016
842153
587434
262561
913717
775162
802903
985919
12538
130716
349631
64365
845566
103503
138405
227799
245597
968941
751035
370768
375662
970961
74314
900163
285005
830347
467383
308213
217722
730296
224086
77150
861547
334967
127105
309844
123759
647924
727153
304288
317649
242148
26466
586006
509868
249964
833427
204643
378444
15659
736821
647268
685979
494563
274248
479623
458690
18060
783947
580298
358160
239525
768906
488968
977867
11154
884529
764688
48040
735748
17676
664830
281743
664310
137618
804329
140688
908713
985646
182378
415330
628770
666293
563548
382341
733881
470171
586400
634697
895909
887046
708739
902181
802362
683599
51543
979893
348300
873026
319648
566794
306780
404878
105040
874310
413816
943228
940569
916413
591855
345715
372140
883076
737328
38740
823538
690738
264972
811133
778827
926067
234311
854894
805279
144189
818220
376146
80467
945221
791214
739911
284454
569437
41042
114739
454879
715381
443377
377922
842100
209560
268723
910050
241347
696025
402736
842095
28449
867716
66610
651430
91287
322559
896396
518736
707408
75304
718248
576377
628004
371346
289769
370508
453642
762218
846171
209873
280387
54916
784164
870380
825368
414738
628495
390776
325737
361960
964770
580084
212847
541791
541172
512492
351953
75910
547276
280337
891274
513748
437686
845739
921909
657546
226255
136845
837600
254199
88039
855125
398512
403531
658384
593188
145692
334508
37495
440520
941560
796624
770050
244272
918027
277177
787341
645652
326329
12459
806200
78374
663309
949126
832966
834781
996124
823223
749915
838819
593749
165470
493514
709273
511632
287340
611001
156465
910270
79980
140102
311569
727865
412723
451126
255149
503729
123505
292701
808547
716623
324152
718718
362272
769907
390443
834592
873799
403808
468229
705042
970191
682612
890719
48440
180499
897972
260767
487053
94161
729145
417762
914030
435684
970703
911363
853365
384963
873928
713601
194213
533785
902373
558257
22369
237631
51578
338154
97695
954170
783050
213084
699306
782437
343273
840162
838243
811931
181889
399762
166679
668184
946528
667290
714524
498830
538417
257647
891336
870148
760649
321590
17694
383303
135107
324960
818859
428799
373877
349431
123961
335829
256593
392917
905166
109761
259676
209604
508913
162118
314521
252521
930828
335968
221737
684582
694101
183868
666437
845071
675807
604552
873388
223760
209918
821277
631414
550333
30038
451828
466007
665292
403039
2399
319442
418146
25773
228459
996897
963297
384336
658021
884859
553898
13021
469086
327350
746589
205089
531950
304562
46748
152809
182886
539048
772172
885349
946966
860531
312501
508817
180256
79630
176964
79574
727428
369
846534
317178
307479
896713
863754
14146
696897
339751
531924
889504
801830
233214
684441
273502
179440
179495
292082
548670
582406
554133
828867
198493
13851
978028
779595
334611
270498
80508
334836
211656
94005
562974
140189
600434
827056
944700
110494
32913
928360
716589
669809
815630
746084
967242
339342
423334
86566
241106
758546
607565
72807
193225
509322
707355
757952
306562
109638
332
682134
191066
979931
546771
453342
119970
829729
369236
186519
104137
432340
880144
604286
991082
987797
846174
576892
720403
33326
531145
384710
174687
130724
926781
680981
895480
317192
781863
596804
55477
986496
371025
810623
684500
727479
894834
721320
690675
57674
151725
765405
500448
717759
449217
531475
108908
453023
513068
151486
633508
441218
80057
711697
171482
760935
778063
851124
571660
760156
421955
861580
740653
665184
854810
403839
649459
61207
183188
409367
493931
778896
80122
945523
876541
687501
479229
911980
380235
578216
894864
609894
824171
493508
586476
470458
514429
168674
21565
267286
114015
245401
481291
738860
814628
840042
98800
637284
155045
929893
935655
259995
622045
408637
959839
353782
57801
975205
906510
844052
415401
443693
369341
204372
964938
526983
26255
732656
473192
536533
522785
554521
73507
754412
118393
393187
698073
290142
686987
648236
370217
935146
359891
383879
603267
894017
282385
160155
485252
814503
140391
629614
761878
208520
480220
218369
53396
692060
11173
973286
624238
935486
409517
520324
1070
964637
355474
717494
596699
267148
567636
450392
50277
305829
206850
299294
432773
823673
679405
941580
596746
795709
105835
832901
164132
747714
543016
2725
33761
305275
861171
681937
31051
193877
931994
762200
977994
47266
102729
165902
587932
108913
4268
222348
517404
685542
408147
299473
6168
858485
371679
231299
773918
958723
952445
478493
144121
235253
976310
655433
68326
537376
321813
713798
147312
768094
981180
625533
295100
967482
830292
538570
959042
765544
354504
445772
638070
584039
288487
963694
708581
683598
29627
39122
861072
869623
130274
955931
891526
625224
280368
261621
598315
939569
560621
809654
753329
153170
686352
183019
358901
905071
949562
851003
527028
233091
754389
271860
101337
633850
445319
608204
989270
585460
267287
790372
789568
506090
156569
6405
717272
662106
797457
737974
508329
772615
157913
771143
879523
744470
994455
169872
714554
157073
986375
480398
118105
320631
942868
352627
498281
953541
351344
990311
591211
165299
988585
546521
232734
797568
355320
168430
226741
515184
496753
291970
768029
850526
630940
973330
722739
891479
1054
224741
531471
194436
749428
639675
941269
524439
138042
704850
789674
331284
280392
939386
404868
108609
490695
425065
764050
830746
535156
299795
867688
116255
516761
229276
749531
998542
877806
706178
600518
415625
636385
436109
555261
782421
286210
726673
753909
356989
757368
936637
585534
559698
111303
351735
607004
114268
985984
215504
999872
905260
565646
412295
909006
872113
682098
488211
32938
829396
524667
749352
670808
587554
845207
696793
169626
569456
972094
91215
205483
218202
728832
871208
702036
867827
150548
690360
195289
336488
386188
870882
204275
644126
373548
434797
619074
967594
397949
450363
608527
921283
519907
348123
525188
976537
8298
603289
202435
353167
42832
595721
295087
195872
583368
13061
331336
264827
752864
256934
16404
533608
616542
233819
878708
841030
153133
311071
972281
291494
807213
668109
811987
416817
735209
279825
915550
164804
277288
98361
773064
184464
168315
598310
539548
893337
959594
433271
376194
335881
43134
860569
969333
968925
557013
787070
589732
459975
56268
253010
917485
556377
34137
156457
549821
453007
557250
51041
982129
939659
815924
938043
376951
608601
959718
147030
885587
459361
648240
526868
924773
519135
14902
390957
916183
320290
787175
655677
220328
374444
756413
145263
370955
580561
705086
529723
131126
890295
190464
846076
394428
605044
893175
405975
371222
290390
476790
554374
7685
905625
870869
966209
53113
592170
584975
718995
97902
88030
5840
506723
851012
29957
762849
699922
603735
831056
376973
695013
774521
590219
469218
663550
878063
826990
96171
503898
537823
515704
781995
683120
98700
28882
709062
456081
336642
643479
875373
679882
365627
302233
772948
25638
182804
792338
857825
43217
809623
654008
394811
695993
921455
866925
526919
380446
69999
319648
862852
204884
275793
573754
284171
699641
583967
142366
859013
449541
357071
282919
867272
346419
710282
827443
497255
319007
730617
771797
814435
238996
909650
630339
508990
93104
826084
897490
938347
650794
789943
472697
246923
759263
37517
861131
189668
742679
736838
777980
784509
52693
741600
530766
742058
405789
896618
410107
314911
185001
204263
361143
464970
846067
779329
811507
558476
628058
664587
627878
707425
790665
939191
696261
504715
307517
818270
700356
975636
293501
662028
540642
411343
734283
616119
701822
742757
247885
493233
669291
499705
550879
567142
356570
942558
647371
211554
40347
108863
620111
966022
807569
889878
258592
33531
356788
400243
119640
986119
992483
566419
870066
324842
696917
748149
551614
721532
385825
785355
100539
38944
816187
221630
320631
905014
325000
994573
144575
196350
760354
28163
113875
460550
641149
564361
551708
775075
168099
369656
874624
324477
366673
600064
998274
962231
990534
490492
574485
487688
685643
903068
80628
5893
916560
551489
511369
103162
940327
794634
665694
664766
631746
69750
399752
608440
699151
22900
541975
587845
75289
434560
680637
867812
566312
987027
550805
289517
857124
932971
421050
99682
431136
409785
682984
814571
153168
73810
304286
864722
67183
67883
935791
137516
652839
851868
903381
28546
522809
800400
911569
749795
988211
590199
460671
314530
123990
258698
230756
847565
281513
342019
622928
934803
320565
843574
890061
423944
352194
124831
564330
525909
96937
657191
594325
438809
644117
662643
912088
935228
411928
245788
657958
760531
448521
454644
210940
605502
308465
83966
768980
64192
979643
849531
451313
759005
317498
773575
643678
881800
967040
797454
354015
328294
448111
330086
829798
52406
700023
636366
1953
800859
244573
378670
108550
756737
350840
343287
533612
908448
399380
397073
637911
750187
761378
18684
282751
427645
375823
457008
190566
893527
49316
509248
483976
315434
269688
106977
235148
646438
85270
814474
788926
832573
288977
75260
843252
331640
373583
968714
850148
45513
174542
541765
348257
660387
25487
509141
535864
153581
927550
144611
319181
741959
43609
455289
825823
188971
479553
171504
568735
871542
174992
145240
572483
699212
239537
300760
275656
25769
544650
101005
385468
78405
700674
524139
78655
625531
313843
993022
154278
438026
209302
688730
850513
443579
145301
313431
115137
512461
784399
736062
690873
802230
606546
54814
378529
667402
8695
984360
821111
578011
449179
599727
32829
230349
508018
811810
150565
675482
368966
298172
622853
498519
742595
681764
549900
545261
824375
912981
25329
219041
425078
117899
479199
58912
411009
520832
362594
953143
539759
270503
362464
447466
980458
385096
861732
766204
449044
450197
290725
343704
983760
618805
564242
77090
682499
42053
750373
592132
636740
588530
905995
9354
167232
625416
852265
485491
666882
70203
779534
760607
949390
251649
261172
15552
564069
21542
843486
188074
689249
513190
103017
890246
886397
216426
611503
920535
78826
434194
638869
398112
915684
867879
609745
381831
599299
981967
384616
757907
126320
701653
946372
655318
542717
876626
926779
996203
293013
626787
550039
353833
60355
312512
644318
59543
1996
646024
101617
807248
845376
686191
370039
571935
156330
517220
576325
783886
765995
128520
344328
654943
330377
231849
458922
321973
451839
504609
358561
306939
310616
781459
915154
662241
917678
134593
215425
299033
208974
378134
185430
30538
727739
153016
581441
980963
525081
363427
789028
888376
76891
654550
841106
111599
305938
511263
766874
277742
610823
749931
224171
143519
774085
792893
468284
307836
52217
586565
156093
861116
488587
141131
361236
603635
989143
347497
425020
842145
260347
811759
414703
607591
166472
915429
83749
815583
969744
846974
273351
775427
134080
722031
861461
696952
340155
246546
853725
246793
726699
10991
562245
192659
857825
315217
472924
968426
48694
991048
179705
193805
931712
8564
877928
341514
169222
731346
290147
234786
360241
209063
318524
596326
582703
7088
605230
882030
993669
642982
728775
716952
588679
445771
412573
588936
598178
935790
136562
964770
262357
271227
72520
752321
18479
438291
358061
375833
435140
790198
483473
774761
155668
568969
427404
162599
441055
736818
924898
244034
581731
126052
726351
750371
902785
833511
696970
682799
26081
650150
953820
2026
975417
207548
441330
241578
539796
56597
449148
591122
60188
718225
856564
744808
197801
163552
904422
442424
554639
68665
194047
546680
425879
92312
24785
702518
368212
418932
663748
626698
593077
450032
31226
342535
555233
60806
236794
276765
834774
611168
354227
668445
243841
654028
205759
270479
173623
582962
741531
678841
181734
942232
341003
122033
786901
116115
641714
79558
710861
294382
8659
137855
978204
820240
141623
845579
992151
483059
462748
604169
205991
501128
339125
51740
693504
921518
514810
351364
78516
528042
57496
561321
391543
806883
739378
234153
321977
123975
387216
480757
39443
46616
758886
45809
201078
353334
11042
731462
802491
139489
163979
655765
161992
794522
222642
356221
425005
624321
153263
357296
402610
669417
689835
564649
793881
122362
411646
350511
69054
658433
490480
859072
432462
396273
982221
612614
480311
987327
632438
544074
752444
205540
412410
84925
695839
138062
603485
201107
385445
666723
916519
80354
780308
757062
118473
411815
392064
761224
949951
696673
430698
972975
37165
243854
515264
217005
294016
564734
870607
209800
719495
980064
193047
3356
319892
70006
330124
117032
262787
712819
628000
870551
605428
167985
377160
830107
249381
248819
893665
757942
655447
292491
165049
885868
772033
147039
251746
114535
971391
402314
956592
226666
526089
3369
698992
79057
505296
854632
8513
642426
445750
488089
274725
436906
511159
542258
530080
292103
392982
964680
761385
955728
588152
209313
652505
528471
722801
891085
531760
141879
759466
620000
263200
588136
735976
655952
293514
630622
896531
575615
464881
375650
257467
602146
406628
228292
268912
301904
113956
654015
506684
936841
662635
759716
828811
568405
980138
445551
984475
961615
405384
790109
588981
591900
958631
576322
527320
321629
873843
428248
590960
471018
884253
619985
864312
419900
758136
226964
628727
490013
793791
579223
257938
407169
571702
721666
617702
173367
516028
475396
363998
119625
426255
720712
331029
390407
887160
798245
325894
13367
260405
348167
946776
772912
694459
331943
209493
810502
683999
584702
575882
320397
579667
584103
675925
118740
407267
973320
758498
899815
14196
398654
208641
922149
850698
565211
619338
263563
699543
662555
410256
689734
363422
919322
797782
313247
733204
188960
921894
368976
634073
20038
182460
422049
326345
325346
119423
776746
664275
652016
969731
339813
890912
223716
88851
890280
610608
944432
20639
983130
607281
112621
160549
172501
887112
852032
648092
961755
421085
570980
367252
674437
783643
382193
287097
450908
146100
203729
961437
445194
150581
113041
675719
616084
76557
40351
414976
207969
963783
5362
22139
421765
923942
272214
990119
410381
849011
220046
110697
336191
772167
953619
712082
205181
323287
546524
883988
253549
480882
422068
293609
268157
745150
920039
231670
570722
777493
817672
890256
96950
822738
892736
695451
299476
412169
353783
592349
383028
423784
909758
521309
231346
148683
194645
146339
171988
680311
91159
481213
968656
500648
977378
240678
918089
712948
386803
932526
191516
169558
313807
602891
37320
370040
916133
85767
856181
775369
286297
157998
988869
143681
138883
253718
844558
344853
791110
73100
331997
392700
293837
116583
961565
362187
985827
215479
696865
354507
461777
859007
338131
452251
116136
622046
814620
834464
332491
378639
61651
622196
267699
321325
986362
211710
167143
707517
636722
815916
131027
466079
177542
602061
692574
328848
900957
196235
348228
906823
776862
367575
155712
299579
970531
636940
674687
950851
497884
918073
672160
775216
257163
223197
150816
326608
205865
44210
73619
326154
233549
531376
123842
646574
310340
459701
927943
944620
499798
112644
549628
389411
70133
180576
598678
743907
130826
724872
201864
91389
530619
493970
742429
398503
61421
268776
19964
111782
971829
73158
300418
39305
702094
9826
807065
456066
967161
33128
762843
605613
660305
828089
144170
340964
796573
157092
756267
271726
870133
800293
234184
985680
272062
845854
489104
217245
588106
445320
776279
18047
463042
148608
904091
740212
885357
132751
205731
58125
525574
176937
778966
871976
179212
505495
264221
693561
432664
665694
15805
560335
330707
560015
441329
137408
258924
616302
697055
107138
819548
707469
175476
819980
204750
877371
119943
158504
355419
62445
373961
157608
791184
148085
898251
200826
451495
411776
538020
596920
16046
860023
622693
361396
437692
375060
225576
752191
684709
3085
172200
752499
801984
198520
190095
882067
297370
619462
702587
863194
828309
954010
644940
497960
735086
189602
375987
854811
622467
188385
90283
165681
391992
870816
470565
572820
273449
683579
164758
107790
444620
259712
779760
931560
888822
585464
294724
845439
971651
869767
307145
77005
407323
930740
400470
176015
473440
887311
350347
944533
149791
939664
209051
701713
49236
930384
331554
850772
796663
526284
566672
11243
138021
609927
276543
986447
121626
641348
535915
79354
586304
647019
197405
148929
530113
917103
624961
630383
773822
332663
788972
634698
354480
898975
575419
156280
918144
43861
27116
641654
372091
28205
664737
440396
79619
503153
17963
479072
265832
987081
83266
551049
853282
374970
192627
423307
104841
765702
744344
715864
621688
172744
723074
254255
600701
694024
448330
740548
283426
576260
618535
599099
787119
126062
313610
904440
185286
776928
834899
715503
423656
390514
25050
605630
924700
583642
710384
117267
387898
97147
575696
446160
288685
670707
780660
320465
699845
832942
973877
580353
629765
250831
990373
810579
970232
602144
914915
322107
415557
335996
426476
587773
821052
690891
356811
487487
960264
495987
910884
199678
526196
998157
716693
370383
471725
989369
588041
835652
47213
893510
646527
908225
332583
645913
750699
771951
280720
64206
157252
996564
431459
976320
277212
8002
488814
388698
48451
608036
904011
795971
467265
94721
972114
605808
914144
408238
259747
514169
707238
248138
407239
431739
441746
743815
204949
239537
290195
808757
903580
378846
161591
52461
464910
203979
860361
775367
715716
432137
640165
276493
936881
217120
585649
825104
529368
679897
303945
293397
342849
374180
553142
945617
504559
15710
365204
256610
690808
368181
714901
66128
904059
960451
79824
948965
111542
986098
536008
322845
153785
460482
877489
323941
672728
664585
918570
319498
384039
487377
373552
540652
818238
466467
358454
873792
519196
268412
842921
708892
618621
786457
999648
682894
867654
356675
808616
232693
419141
4629
6106
925288
873421
316409
130224
151898
201239
682433
930914
78229
684481
600491
97581
642655
853329
221061
800358
742388
594744
425982
623427
976862
719962
891868
436404
876868
191492
566388
591418
233052
710807
734747
6492
984907
23225
136012
57095
59630
874931
866951
204165
388769
31037
593751
440292
212802
232019
911190
127284
241246
15071
498853
306919
237333
739490
355826
350046
365562
773097
896215
713072
567925
804348
549760
325596
297538
277486
226544
962191
339115
323858
925807
789655
702558
831765
457337
872759
485107
919670
179891
589059
698596
720792
207652
866074
993294
508103
762366
671607
299056
353574
324921
437415
981240
516224
732458
994013
100584
880226
218297
498510
697765
939345
150046
90122
67616
326890
111833
12003
4446
239784
770283
759236
747795
440396
642380
876620
747034
46840
782874
579794
700994
471749
535460
139986
398806
740040
930672
185825
272620
422696
382651
326409
101552
563140
57739
784886
274703
354454
565879
701229
420932
225438
269191
771780
26155
677030
781058
981169
554183
755202
335189
684618
922487
158545
292615
627022
254095
118889
487180
877162
228673
198896
95176
553605
338670
601367
461283
776474
417163
839402
762987
27240
114723
137774
405213
400663
809482
699403
600725
486403
336988
410834
906045
505785
259781
610055
835900
693992
856837
678369
87481
472060
284912
377156
483221
729523
991399
490775
755934
359167
823633
345305
177970
817055
712591
499002
524335
629193
816760
992289
115715
472881
679103
309185
195995
352188
468145
852857
727553
617600
84122
759407
321666
32516
737842
991368
847382
206363
352276
979117
835969
305846
586376
481950
704026
862874
184046
448356
100090
849625
972126
480477
161996
116020
652522
233394
137924
972807
89714
322979
900043
878003
602526
761621
409801
708038
951007
567667
368364
809873
981278
481938
378927
181591
468285
469620
986010
690121
622699
838290
387680
859034
895023
299436
722317
299521
48016
200930
888625
332461
626815
416149
75252
167270
226181
311799
795301
825849
285108
282881
749534
113623
410692
141671
259540
350739
146108
894418
545362
605304
462702
23424
911531
555405
229072
59525
236146
63864
557130
447616
317063
268094
353400
911013
916614
85228
365980
975795
437703
565651
611737
614844
415420
711595
640626
429720
971012
866421
144055
522932
587075
448061
855311
588180
792466
417739
248690
320388
348961
909831
860602
989723
827106
91381
837665
651326
900449
991462
52022
145729
585707
810506
265595
174232
170065
778506
278971
798102
511671
502132
714690
366318
550287
307524
686948
455231
610996
470898
192329
958241
715847
439478
339694
564271
729761
59158
474353
76656
730764
294541
336009
398454
988654
818215
296259
564719
521586
872247
920511
366235
825730
681058
932422
931893
892203
718905
459305
560996
840942
598891
888289
819679
761216
12020
499402
937698
952046
83652
876579
908827
865537
949063
701233
419175
397403
349844
233160
262561
133842
98282
605705
553788
571574
643655
121553
256826
730790
378321
379581
514344
346520
872323
11792
146370
274174
343245
999962
193143
60510
60540
172898
232237
212572
881930
698051
839044
641174
289095
928174
705215
660286
488949
565310
412032
446985
475841
842303
681379
427630
504140
599574
195343
819596
622821
796326
572945
389378
95381
377056
922331
192572
275428
950405
182969
332300
891911
361573
22196
953116
527740
36861
836436
797070
488437
632367
903066
914751
637779
694415
147478
126783
901047
365872
675645
474894
875312
671661
517206
823383
657156
636822
867280
820566
974504
610068
927195
985078
812329
106035
764229
622582
554082
972892
379864
563535
163421
623439
124321
329223
260649
627035
797281
59845
169063
927167
110450
837621
900719
790555
823108
844151
674051
835365
367510
366332
657836
623574
159612
887820
55580
174902
217962
320965
701027
924452
201094
994882
700027
544003
365776
362764
621961
90111
915769
406089
425571
738726
349066
704923
686103
736989
607301
957881
700506
615315
951876
261214
155370
270668
507058
229459
547159
225008
243305
134779
929170
505255
315685
198405
967747
182502
15899
353340
792384
392867
71450
885078
279207
285873
708514
248373
284573
967722
152557
832119
905665
54650
111914
479303
163608
11199
532127
481390
881821
987345
468105
713467
767928
779138
615046
100534
830084
237421
784609
720874
857111
650526
591565
926490
923833
606717
856770
994678
533377
26358
595869
14874
203791
999096
745233
978712
341680
848927
509179
804174
42421
238912
691093
308631
454338
549098
477558
781488
163583
703256
296098
997228
840941
889278
952308
30106
444566
613679
502377
633092
297471
768763
408945
711949
400228
627518
409636
425544
706101
482780
201910
972540
134469
443768
266630
897999
68843
432685
415526
35255
922981
603573
388994
553450
638995
458082
366438
459530
467238
982871
221148
898327
330672
964857
729426
283754
390931
528271
792056
314850
626622
203879
991489
267050
272002
145283
31295
302970
374456
116191
508381
329082
598802
714243
437102
315478
101566
676822
493640
320710
481446
17746
97264
726135
107232
284851
390583
86770
232009
145945
274347
671936
583981
408226
874586
181898
460856
654674
880108
212855
469021
780082
334634
87852
520855
906684
763481
689849
219698
356183
47117
352762
280217
631206
434765
591038
429970
6902
964945
814162
269705
998523
645779
649977
74763
915488
110844
480062
631052
513309
842838
978225
893753
909291
627436
894026
962943
233803
547408
951366
953219
205270
659173
437474
551164
554319
222786
195016
25970
355122
572131
499473
674919
814699
240864
78147
318305
651191
792456
317627
456872
796930
79975
572277
30026
591097
29277
373386
392138
835348
597341
833287
567927
833613
173509
842308
723140
926535
928503
203327
197432
595185
767701
432300
108954
697346
547761
723507
455088
439295
510087
391974
147240
862616
53775
765371
262370
192127
438444
660750
993814
539893
581910
948032
735815
923171
506721
571061
979855
251565
935148
82811
197388
275606
304109
691656
664125
407282
885637
841241
171632
755548
758818
120660
618377
189067
437396
617708
333444
241634
791168
594797
953665
380951
48577
155461
561893
313831
708877
587752
336500
665963
828126
223456
780781
661350
451392
835845
824060
205527
569734
722395
356686
555806
241425
504615
972991
232217
943173
822096
724250
806301
282470
421257
61166
809261
522350
924116
510956
137289
532336
437988
38942
858710
586671
839161
695543
42197
350044
246755
348200
874706
177456
517658
123731
4010
416072
959777
873421
456424
965029
279415
658500
559849
324086
74647
484072
843111
855307
813770
316855
545133
804245
845422
842008
734547
200542
137633
890492
955543
343824
573637
977821
892877
919513
996346
117803
630684
747858
234558
17684
834415
636696
617940
332393
571508
610470
625411
477286
275275
835666
426037
373995
227028
800116
153819
243945
706135
937173
705420
621480
541658
662697
53327
622572
735514
725788
655156
430324
700808
996663
357143
845512
141832
679043
259394
219688
147036
145997
814157
282303
433431
578860
128851
243800
689928
558016
585719
752824
703185
425177
793402
540327
426301
998854
220242
742307
832828
873318
877791
720963
894914
497042
271443
318321
111428
320283
590155
683254
272501
316755
393565
366716
79135
860264
512740
904969
942972
826249
177973
812793
403322
274208
203101
956696
196149
688839
283458
763314
819088
564
745196
606607
208429
729051
823816
968873
443208
258765
47374
497555
569632
331388
193671
950095
72488
385641
970585
928960
27507
395316
305647
812656
531065
452295
148059
957868
536871
749301
909092
44511
697487
132088
376544
22792
603505
329534
19238
31390
235750
701523
536108
10350
453399
516302
972922
23046
769148
900170
712595
274461
282891
14016
158085
904180
574788
196670
4168
648654
872311
524563
111310
764700
281578
563692
191998
548181
273411
47077
524444
919221
607373
198620
934728
655345
50359
612802
625082
982876
173437
469825
716906
993794
334678
794075
552942
243410
457602
754002
498823
504328
109991
241646
126074
168733
602618
376591
585574
564083
558144
993884
451459
771664
84471
568054
350409
902005
662139
132722
994731
498880
402161
204022
510545
655296
388752
364070
939853
659992
395258
87404
942885
112299
292626
88727
769294
508075
114644
512839
489832
151850
713516
925258
400485
616088
744673
987836
209689
619899
948143
557165
632431
622190
919788
709779
93541
642501
993495
437681
634158
815298
381735
510251
866640
204966
27935
68454
958543
880550
781219
904685
137662
874588
792016
600788
471356
346045
479526
919339
473929
374675
659762
788773
333264
117264
21933
199456
360943
594287
794467
796062
735044
138827
501590
116109
497502
332105
198041
293616
369475
986258
687048
580641
682748
54716
739346
712348
27802
577336
696812
124793
494646
515774
109619
412660
243626
322600
624661
526592
363259
182700
908139
663475
82353
245913
899099
436165
540938
187821
656213
619479
386482
2306
164957
69165
25278
595681
973273
130341
759804
926360
927393
703895
721081
119586
773794
320162
683151
66191
140448
595817
972065
992660
802625
197390
662463
584649
250500
952108
593441
426646
923785
91069
86597
927746
542995
22120
796272
350309
977202
863452
720793
144922
821185
976746
682130
929756
687922
625065
465127
840340
281463
494380
936043
558800
750076
379756
318347
941928
710867
723134
990229
847281
291104
507098
111799
63870
962726
530045
256455
539894
115485
180821
571863
815800
88478
857915
765271
728460
708064
466433
907468
291994
244994
401865
266124
21945
359276
971008
275613
520771
996670
853272
814452
656732
516492
136060
848500
3835
542490
753580
942989
610804
978632
575455
84600
297377
710290
719600
388970
139417
447444
86914
565861
81412
594764
632532
232092
907522
95230
988724
218604
888754
778672
560613
803435
51922
410944
543332
851787
65621
51601
527836
899111
686477
933009
592926
42536
161239
306475
652598
7907
820200
527042
366585
629426
218301
822807
808297
299484
259794
784985
332467
332855
902758
356335
538952
488311
202159
196892
247012
165841
712828
641773
382533
943126
619405
433678
233893
194144
736395
1561
299940
464317
787321
468541
850059
893137
911221
908958
388004
750039
666868
783583
599483
105374
325248
329433
89951
571275
484237
661590
126179
675376
897398
765845
501302
85852
615963
173572
960508
954109
370088
545026
562740
682616
32646
964777
25274
311382
975290
676363
237439
111199
923864
699731
40029
105407
162928
32369
928698
735927
111534
108742
571537
770510
623901
490748
560710
575581
213264
187086
65674
586953
535401
783642
163373
524546
580733
93420
314370
820689
840301
3203
74590
294267
265560
643323
52376
620906
265860
258465
688704
222573
196733
731959
874193
209434
653502
777447
573618
134241
442086
657336
249961
731421
605144
509476
507070
379212
10792
876601
639989
952187
443394
150356
326900
808067
35356
404527
300934
863641
554713
599869
732277
634531
292568
877682
574073
906563
364743
976324
881785
970133
583114
52349
123981
198468
656036
137680
296249
43414
845512
397771
313701
823518
934883
979174
491248
463502
944955
127893
98048
439894
663672
94443
187752
876788
130498
137488
790110
858483
634037
75731
785974
768026
349640
270157
193403
590234
110953
764630
771870
461161
875205
94940
877625
350258
590018
441985
73435
685660
911736
506966
877470
538282
620216
731374
717093
636373
293761
464379
422932
169715
137774
280261
482906
142562
635743
131848
351357
961627
105212
715390
13410
560853
417293
4426
856961
27977
313128
591242
304844
6646
105138
361355
980939
660388
303117
394093
972612
410017
137552
404642
860395
945458
674702
350783
947637
761815
336243
644860
985845
810963
672493
821516
742438
658900